T [°C] R nom [Ω] R min [Ω] R max [Ω] Δ R/R [±%] Δ T [±°C] α [%/K]
-55 953773.55 910862.0 996685.1 4.50 0.61 -7.37
-54 886261.17 846763.8 925758.6 4.46 0.61 -7.32
-53 823958.70 787584.9 860332.5 4.41 0.61 -7.26
-52 766433.16 732918.7 799947.6 4.37 0.61 -7.21
-51 713289.96 682394.3 744185.6 4.33 0.60 -7.16
-50 664169.31 635673.5 692665.1 4.29 0.60 -7.11
-49 618742.96 592447.5 645038.4 4.25 0.60 -7.06
-48 576711.28 552434.3 600988.3 4.21 0.60 -7.01
-47 537800.58 515376.2 560225.0 4.17 0.60 -6.96
-46 501760.78 481037.6 522484.0 4.13 0.60 -6.91
-45 468363.20 449203.0 487523.4 4.09 0.60 -6.86
-44 437398.64 419675.1 455122.2 4.05 0.59 -6.82
-43 408675.63 392273.4 425077.8 4.01 0.59 -6.77
-42 382018.81 366832.4 397205.2 3.98 0.59 -6.72
-41 357267.50 343200.3 371334.7 3.94 0.59 -6.68
-40 334274.41 321238.0 347310.8 3.90 0.59 -6.63
-39 312904.43 300817.9 324991.0 3.86 0.59 -6.58
-38 293033.57 281822.7 304244.4 3.83 0.58 -6.54
-37 274547.99 264144.8 284951.2 3.79 0.58 -6.49
-36 257343.13 247685.3 267001.0 3.75 0.58 -6.45
-35 241322.86 232353.0 250292.7 3.72 0.58 -6.41
-34 226398.82 218064.5 234733.2 3.68 0.58 -6.36
-33 212489.69 204742.6 220236.8 3.65 0.58 -6.32
-32 199520.64 192316.3 206724.9 3.61 0.57 -6.28
-31 187422.75 180720.5 194125.0 3.58 0.57 -6.23
-30 176132.54 169894.8 182370.3 3.54 0.57 -6.19
-29 165591.47 159783.7 171399.2 3.51 0.57 -6.15
-28 155745.60 150336.0 161155.2 3.47 0.57 -6.11
-27 146545.11 141504.5 151585.8 3.44 0.57 -6.07
-26 137944.05 133245.3 142642.8 3.41 0.56 -6.03
-25 129899.99 125518.3 134281.7 3.37 0.56 -5.99
-24 122373.70 118286.1 126461.3 3.34 0.56 -5.95
-23 115328.95 111514.3 119143.6 3.31 0.56 -5.91
-22 108732.23 105170.9 112293.6 3.28 0.56 -5.87
-21 102552.53 99226.5 105878.6 3.24 0.56 -5.83
-20 96761.15 93653.8 99868.5 3.21 0.55 -5.79


T [°C] R nom [Ω] R min [Ω] R max [Ω] Δ R/R [±%] Δ T [±°C] α [%/K]
-19 91331.53 88427.3 94235.7 3.18 0.55 -5.76
-18 86239.05 83523.8 88954.3 3.15 0.55 -5.72
-17 81460.91 78921.4 84000.4 3.12 0.55 -5.68
-16 76975.96 74600.1 79351.9 3.09 0.55 -5.64
-15 72764.59 70540.9 74988.2 3.06 0.54 -5.61
-14 68808.60 66726.7 70890.5 3.03 0.54 -5.57
-13 65091.10 63141.3 67040.9 3.00 0.54 -5.54
-12 61596.39 59769.7 63423.1 2.97 0.54 -5.50
-11 58309.91 56598.0 60021.8 2.94 0.54 -5.47
-10 55218.10 53613.2 56823.0 2.91 0.54 -5.43
-9 52308.38 50803.4 53813.4 2.88 0.53 -5.40
-8 49569.02 48157.2 50980.8 2.85 0.53 -5.36
-7 46989.13 45664.3 48313.9 2.82 0.53 -5.33
-6 44558.56 43315.0 45802.1 2.79 0.53 -5.29
-5 42267.85 41100.2 43435.5 2.76 0.53 -5.26
-4 40108.20 39011.5 41204.9 2.73 0.52 -5.23
-3 38071.41 37041.1 39101.7 2.71 0.52 -5.20
-2 36149.83 35181.5 37118.1 2.68 0.52 -5.16
-1 34336.32 33426.0 35246.6 2.65 0.52 -5.13
0 32624.23 31768.3 33480.2 2.62 0.51 -5.10
1 31007.34 30202.2 31812.5 2.60 0.51 -5.07
2 29479.85 28722.3 30237.4 2.57 0.51 -5.04
3 28036.35 27323.4 28749.3 2.54 0.51 -5.01
4 26671.76 26000.6 27342.9 2.52 0.51 -4.97
5 25381.36 24749.4 26013.4 2.49 0.50 -4.94
6 24160.73 23565.4 24756.0 2.46 0.50 -4.91
7 23005.71 22444.9 23566.6 2.44 0.50 -4.88
8 21912.45 21383.9 22441.0 2.41 0.50 -4.85
9 20877.31 20379.1 21375.5 2.39 0.50 -4.82
10 19896.90 19427.1 20366.7 2.36 0.49 -4.80
11 18968.04 18525.0 19411.1 2.34 0.49 -4.77
12 18087.75 17669.8 18505.7 2.31 0.49 -4.74
13 17253.25 16858.9 17647.6 2.29 0.49 -4.71
14 16461.90 16089.7 16834.1 2.26 0.48 -4.68
15 15711.26 15359.9 16062.6 2.24 0.48 -4.65
16 14999.01 14667.2 15330.8 2.21 0.48 -4.63
17 14323.01 14009.6 14636.4 2.19 0.48 -4.60
18 13681.22 13385.2 13977.3 2.16 0.47 -4.57
19 13071.73 12792.0 13351.5 2.14 0.47 -4.54
20 12492.75 12228.4 12757.1 2.12 0.47 -4.52
21 11942.59 11692.7 12192.5 2.09 0.47 -4.49
22 11419.69 11183.4 11656.0 2.07 0.46 -4.46
23 10922.54 10699.1 11146.0 2.05 0.46 -4.44
24 10449.75 10238.4 10661.1 2.02 0.46 -4.41


T [°C] R nom [Ω] R min [Ω] R max [Ω] Δ R/R [±%] Δ T [±°C] α [%/K]
25 10000.00 9800.0 10200.0 2.00 0.46 -4.39
26 9572.05 9378.4 9765.7 2.02 0.46 -4.36
27 9164.74 8977.3 9352.2 2.05 0.47 -4.34
28 8776.97 8595.5 8958.5 2.07 0.48 -4.31
29 8407.70 8232.0 8583.4 2.09 0.49 -4.29
30 8055.96 7885.8 8226.1 2.11 0.50 -4.26
31 7720.82 7556.0 7885.6 2.13 0.50 -4.24
32 7401.43 7241.8 7561.0 2.16 0.51 -4.21
33 7096.96 6942.4 7251.5 2.18 0.52 -4.19
34 6806.64 6656.9 6956.4 2.20 0.53 -4.16
35 6529.74 6384.7 6674.8 2.22 0.54 -4.14
36 6265.58 6125.1 6406.1 2.24 0.54 -4.12
37 6013.51 5877.4 6149.6 2.26 0.55 -4.09
38 5772.92 5641.0 5904.8 2.28 0.56 -4.07
39 5543.22 5415.4 5671.0 2.31 0.57 -4.05
40 5323.88 5200.0 5447.7 2.33 0.58 -4.03
41 5114.37 4994.3 5234.4 2.35 0.59 -4.00
42 4914.20 4797.9 5030.5 2.37 0.59 -3.98
43 4722.92 4610.1 4835.7 2.39 0.60 -3.96
44 4540.08 4430.7 4649.4 2.41 0.61 -3.94
45 4365.27 4259.3 4471.3 2.43 0.62 -3.92
46 4198.11 4095.3 4300.9 2.45 0.63 -3.89
47 4038.21 3938.5 4137.9 2.47 0.64 -3.87
48 3885.23 3788.6 3981.9 2.49 0.65 -3.85
49 3738.84 3645.1 3832.6 2.51 0.65 -3.83
50 3598.72 3507.8 3689.7 2.53 0.66 -3.81
51 3464.58 3376.4 3552.8 2.55 0.67 -3.79
52 3336.12 3250.5 3421.7 2.57 0.68 -3.77
53 3213.08 3130.0 3296.1 2.59 0.69 -3.75
54 3095.22 3014.6 3175.8 2.60 0.70 -3.73
55 2982.27 2904.0 3060.5 2.62 0.71 -3.71
56 2874.02 2798.1 2949.9 2.64 0.72 -3.69
57 2770.26 2696.6 2844.0 2.66 0.72 -3.67
58 2670.76 2599.2 2742.3 2.68 0.73 -3.65
59 2575.34 2505.9 2644.8 2.70 0.74 -3.63
60 2483.82 2416.4 2551.3 2.72 0.75 -3.61
61 2396.00 2330.5 2461.5 2.73 0.76 -3.59
62 2311.74 2248.1 2375.4 2.75 0.77 -3.57
63 2230.85 2169.0 2292.7 2.77 0.78 -3.55
64 2153.21 2093.2 2213.2 2.79 0.79 -3.53
65 2078.65 2020.3 2137.0 2.81 0.80 -3.51
66 2007.05 1950.4 2063.7 2.82 0.81 -3.50
67 1938.27 1883.2 1993.3 2.84 0.82 -3.48
68 1872.19 1818.7 1925.7 2.86 0.83 -3.46


T [°C] R nom [Ω] R min [Ω] R max [Ω] Δ R/R [±%] Δ T [±°C] α [%/K]
69 1808.69 1756.7 1860.7 2.88 0.84 -3.44
70 1747.65 1697.1 1798.2 2.89 0.85 -3.42
71 1688.98 1639.8 1738.1 2.91 0.85 -3.41
72 1632.56 1584.8 1680.4 2.93 0.86 -3.39
73 1578.31 1531.8 1624.8 2.94 0.87 -3.37
74 1526.13 1480.9 1571.3 2.96 0.88 -3.35
75 1475.92 1432.0 1519.9 2.98 0.89 -3.34
76 1427.62 1384.9 1470.4 3.00 0.90 -3.32
77 1381.12 1339.5 1422.7 3.01 0.91 -3.30
78 1336.37 1295.9 1376.8 3.03 0.92 -3.29
79 1293.29 1253.9 1332.7 3.05 0.93 -3.27
80 1251.80 1213.5 1290.1 3.06 0.94 -3.25
81 1211.85 1174.6 1249.1 3.08 0.95 -3.24
82 1173.36 1137.1 1209.7 3.09 0.96 -3.22
83 1136.28 1100.9 1171.6 3.11 0.97 -3.20
84 1100.55 1066.1 1135.0 3.13 0.98 -3.19
85 1066.11 1032.6 1099.6 3.14 0.99 -3.17
86 1032.91 1000.3 1065.5 3.16 1.00 -3.16
87 1000.91 969.1 1032.7 3.17 1.01 -3.14
88 970.05 939.1 1001.0 3.19 1.02 -3.12
89 940.29 910.2 970.4 3.20 1.03 -3.11
90 911.59 882.2 940.9 3.22 1.04 -3.09
91 883.89 855.3 912.5 3.24 1.05 -3.08
92 857.17 829.3 885.0 3.25 1.06 -3.06
93 831.38 804.2 858.5 3.27 1.07 -3.05
94 806.49 780.0 832.9 3.28 1.08 -3.03
95 782.46 756.7 808.2 3.30 1.09 -3.02
96 759.26 734.1 784.4 3.31 1.10 -3.00
97 736.85 712.3 761.4 3.33 1.11 -2.99
98 715.21 691.3 739.1 3.34 1.12 -2.97
99 694.31 671.0 717.6 3.36 1.13 -2.96
100 674.11 651.4 696.8 3.37 1.15 -2.94
101 654.60 632.4 676.8 3.38 1.16 -2.93
102 635.74 614.1 657.3 3.40 1.16 -2.92
103 617.51 596.4 638.6 3.41 1.18 -2.90
104 599.88 579.3 620.4 3.43 1.19 -2.89
105 582.84 562.8 602.9 3.44 1.20 -2.87
106 566.37 546.8 585.9 3.46 1.21 -2.86
107 550.43 531.3 569.5 3.47 1.22 -2.85
108 535.02 516.4 553.7 3.48 1.23 -2.83
109 520.10 501.9 538.3 3.50 1.24 -2.82
110 505.68 487.9 523.4 3.51 1.25 -2.81
111 491.71 474.4 509.0 3.53 1.26 -2.79
112 478.20 461.3 495.1 3.54 1.27 -2.78


T [°C] R nom [Ω] R min [Ω] R max [Ω] Δ R/R [±%] Δ T [±°C] α [%/K]
113 465.11 448.6 481.6 3.55 1.28 -2.77
114 452.45 436.3 468.6 3.57 1.30 -2.75
115 440.19 424.4 455.9 3.58 1.31 -2.74
116 428.31 412.9 443.7 3.59 1.32 -2.73
117 416.81 401.8 431.8 3.61 1.33 -2.72
118 405.67 391.0 420.4 3.62 1.34 -2.70
119 394.87 380.5 409.2 3.63 1.35 -2.69
120 384.41 370.4 398.4 3.65 1.36 -2.68
121 374.28 360.6 388.0 3.66 1.37 -2.67
122 364.45 351.1 377.8 3.67 1.39 -2.65
123 354.93 341.8 368.0 3.69 1.40 -2.64
124 345.70 332.9 358.5 3.70 1.41 -2.63
125 336.75 324.3 349.2 3.71 1.42 -2.62
126 328.07 315.9 340.3 3.72 1.43 -2.61
127 319.65 307.7 331.6 3.74 1.44 -2.59
128 311.49 299.8 323.2 3.75 1.45 -2.58
129 303.57 292.1 315.0 3.76 1.46 -2.57
130 295.88 284.7 307.0 3.77 1.47 -2.56
131 288.42 277.5 299.3 3.79 1.49 -2.55
132 281.19 270.5 291.9 3.80 1.50 -2.54
133 274.17 263.7 284.6 3.81 1.51 -2.52
134 267.35 257.1 277.6 3.82 1.52 -2.51
135 260.73 250.7 270.7 3.84 1.53 -2.50
136 254.30 244.5 264.1 3.85 1.55 -2.49
137 248.06 238.5 257.6 3.86 1.56 -2.48
138 242.00 232.6 251.4 3.87 1.57 -2.47
139 236.12 226.9 245.3 3.88 1.58 -2.46
140 230.40 221.4 239.4 3.90 1.59 -2.45
141 224.84 216.1 233.6 3.91 1.60 -2.44
142 219.45 210.8 228.1 3.92 1.62 -2.42
143 214.20 205.8 222.6 3.93 1.63 -2.41
144 209.11 200.9 217.4 3.94 1.64 -2.40
145 204.15 196.1 212.2 3.96 1.66 -2.39
146 199.34 191.4 207.2 3.97 1.67 -2.38
147 194.65 186.9 202.4 3.98 1.68 -2.37
148 190.10 182.5 197.7 3.99 1.69 -2.36
149 185.68 178.2 193.1 4.00 1.70 -2.35
150 181.37 174.1 188.6 4.01 1.72 -2.34